import seaborn as sns

sea = sns.color_palette([(185/255, 237/255, 221/255),(135/255, 203/255, 185/255),(86/255, 157/255, 170/255),(87/255, 125/255, 134/255)])
summer = sns.color_palette([(245/255, 240/255, 187/255),(196/255, 223/255, 170/255),(144/255, 200/255, 172/255),(115/255, 169/255, 173/255)])
halloween = sns.color_palette([(55/255, 48/255, 107/255),(102/255, 52/255, 127/255),(158/255, 71/255, 132/255),(210/255, 118/255, 133/255)])
halloween2 = sns.color_palette([(102/255, 52/255, 127/255),(158/255, 71/255, 132/255),(55/255, 48/255, 107/255),(210/255, 118/255, 133/255)])
cold = sns.color_palette([(10/255, 77/255, 104/255),(8/255, 131/255, 149/255),(5/255, 191/255, 219/255),(0, 255/255, 202/255)])
cold2 = sns.color_palette([(139/255, 188/255, 204/255),(76/255, 103/255, 147/255),(92/255, 46/255, 126/255)])